1 0.918899 0.548611 0.048611 0.083333
1 0.885417 0.493386 0.044147 0.113757
1 0.815848 0.540013 0.053819 0.080688
1 0.780258 0.512731 0.056052 0.083664
1 0.792659 0.468915 0.050595 0.090608
1 0.732267 0.443783 0.050843 0.109127
1 0.723710 0.532903 0.035714 0.069114
1 0.653522 0.527116 0.042163 0.068783
1 0.601314 0.453704 0.077629 0.109127
1 0.595858 0.499008 0.053819 0.076058
1 0.592634 0.531415 0.040923 0.051587
1 0.462674 0.387731 0.095982 0.137897
1 0.505332 0.473214 0.058284 0.090608
1 0.547371 0.518519 0.032242 0.057540
1 0.524182 0.501984 0.050843 0.076058
1 0.489583 0.518684 0.041667 0.067130
1 0.432912 0.484788 0.058780 0.087963
1 0.451761 0.505291 0.049851 0.071429
1 0.419147 0.515212 0.034226 0.071429
1 0.368304 0.415013 0.073413 0.117725
1 0.374876 0.487599 0.051339 0.065146
1 0.325025 0.501157 0.053323 0.077050
1 0.259053 0.361607 0.104415 0.143188
1 0.288318 0.441138 0.073661 0.101852
1 0.284350 0.501819 0.050347 0.068452
1 0.247644 0.508763 0.040923 0.059854
1 0.226935 0.458333 0.051587 0.074074
1 0.212302 0.512566 0.036706 0.053571
1 0.162698 0.398313 0.086310 0.110780
1 0.181548 0.478505 0.056052 0.076058
1 0.116319 0.421792 0.077877 0.098876
1 0.143353 0.484623 0.058532 0.079034
1 0.099578 0.486938 0.048363 0.063823
1 0.034474 0.356316 0.068452 0.149140
1 0.054563 0.443618 0.072917 0.094246
1 0.026786 0.454034 0.053075 0.090608
1 0.038194 0.512566 0.039683 0.047619
1 0.015129 0.507440 0.029762 0.054563
1 0.069940 0.497685 0.053075 0.070106
