1 0.207961 0.458499 0.012153 0.026124
1 0.220362 0.455522 0.009673 0.024140
1 0.329613 0.480655 0.007440 0.018188
1 0.340650 0.476190 0.009673 0.021164
1 0.346974 0.458499 0.011905 0.028108
1 0.363095 0.496693 0.011409 0.019841
1 0.371032 0.480159 0.013393 0.025132
1 0.378224 0.494213 0.012897 0.018849
1 0.380084 0.457011 0.015129 0.027116
1 0.394717 0.480159 0.012649 0.029101
1 0.411582 0.475198 0.012153 0.025132
1 0.418403 0.495701 0.015377 0.028439
1 0.407242 0.504960 0.007440 0.022487
1 0.435888 0.460152 0.018601 0.034722
1 0.445188 0.488426 0.015873 0.020503
1 0.447049 0.469907 0.011161 0.034392
1 0.463542 0.479828 0.015873 0.034392
1 0.455357 0.511905 0.017361 0.023810
1 0.469122 0.508763 0.012153 0.023479
1 0.480159 0.462632 0.017361 0.035053
1 0.499008 0.475364 0.018849 0.026786
1 0.494420 0.497851 0.015129 0.032077
1 0.505332 0.527612 0.014633 0.027447
1 0.517361 0.487269 0.017857 0.032077
1 0.519717 0.519345 0.011161 0.018849
1 0.592758 0.467593 0.024306 0.044974
1 0.544643 0.503142 0.014385 0.030093
1 0.564236 0.497354 0.016369 0.031746
1 0.565724 0.513889 0.013393 0.023810
1 0.550099 0.533730 0.009425 0.019841
1 0.558656 0.524140 0.011657 0.021825
1 0.641369 0.476852 0.022321 0.043651
1 0.602183 0.490079 0.015377 0.031085
1 0.588914 0.512566 0.014137 0.025132
1 0.611359 0.502480 0.014881 0.024802
1 0.652158 0.499504 0.020585 0.026124
