1 0.009797 0.382937 0.019097 0.085317
1 0.020089 0.446098 0.039683 0.082672
1 0.043031 0.425761 0.054812 0.082341
1 0.104663 0.370866 0.082341 0.102183
1 0.093378 0.453208 0.054315 0.083664
1 0.145585 0.417163 0.064980 0.093585
1 0.197917 0.311343 0.097718 0.157738
1 0.189732 0.434524 0.060020 0.087302
1 0.183036 0.437335 0.042659 0.070437
1 0.245412 0.407738 0.072173 0.103836
1 0.268105 0.373677 0.075397 0.128968
1 0.261781 0.454200 0.044891 0.067791
1 0.289931 0.425761 0.048611 0.082341
1 0.346602 0.448578 0.044891 0.081680
1 0.969618 0.277447 0.060764 0.167328
1 0.987599 0.412202 0.024802 0.101521
1 0.983755 0.456184 0.032490 0.084325
1 0.952381 0.430556 0.038690 0.093915
1 0.927207 0.464782 0.020585 0.068452
1 0.899058 0.371858 0.046131 0.139220
1 0.834325 0.452546 0.028770 0.067130
1 0.812500 0.419808 0.034722 0.083003
1 0.799107 0.439153 0.025298 0.075397
1 0.810640 0.463294 0.019593 0.056217
1 0.762277 0.352679 0.055308 0.111442
1 0.652406 0.317626 0.073165 0.170966
1 0.657862 0.441468 0.034474 0.076720
1 0.677455 0.424934 0.036954 0.076058
1 0.702629 0.394841 0.050099 0.114418
1 0.703125 0.464120 0.017857 0.062500
1 0.715898 0.462963 0.012153 0.056878
1 0.370536 0.451720 0.039187 0.071429
1 0.438368 0.310351 0.076637 0.190146
1 0.394593 0.387235 0.052579 0.108466
1 0.411582 0.429894 0.048363 0.090608
1 0.546875 0.373016 0.052579 0.127646
1 0.609995 0.455357 0.029018 0.075397
1 0.570437 0.459160 0.021329 0.072421
1 0.514261 0.449074 0.030010 0.064815
1 0.530382 0.449239 0.026538 0.058532
1 0.547123 0.446429 0.028770 0.070106
