1 0.952009 0.310351 0.093006 0.186177
1 0.985739 0.444114 0.028522 0.073413
1 0.938120 0.365906 0.065228 0.149140
1 0.954985 0.433697 0.055804 0.104167
1 0.941840 0.460648 0.042907 0.082011
1 0.949653 0.479167 0.040675 0.069444
1 0.871528 0.450728 0.042163 0.074074
1 0.862103 0.472553 0.032242 0.058201
1 0.723834 0.293816 0.047371 0.157077
1 0.727679 0.346892 0.077381 0.133598
1 0.720858 0.435020 0.045883 0.073082
1 0.752852 0.449239 0.030010 0.061177
1 0.693452 0.461640 0.036210 0.066138
1 0.636285 0.408069 0.061756 0.105159
1 0.584077 0.309358 0.107639 0.154431
1 0.531870 0.419974 0.063244 0.105159
1 0.655878 0.448082 0.032986 0.060847
1 0.625372 0.443122 0.050347 0.085317
1 0.491319 0.448743 0.040675 0.070106
1 0.418031 0.334325 0.107391 0.150132
1 0.455977 0.380952 0.076637 0.111111
1 0.428447 0.447255 0.050347 0.067130
1 0.451761 0.435516 0.047371 0.076058
1 0.369916 0.395007 0.053323 0.090939
1 0.318328 0.356978 0.078125 0.125331
1 0.377356 0.432540 0.048859 0.058201
1 0.315476 0.436012 0.045139 0.065146
1 0.286830 0.399967 0.060268 0.081019
