1 0.098710 0.381118 0.025794 0.047288
1 0.443328 0.426918 0.013145 0.054894
1 0.461062 0.443618 0.008433 0.059193
1 0.492436 0.438327 0.004712 0.040013
1 0.478671 0.432209 0.005952 0.043651
1 0.467882 0.430556 0.006200 0.051587
1 0.455481 0.428571 0.005704 0.041667
1 0.556052 0.449570 0.008433 0.049934
1 0.574405 0.437335 0.010417 0.080357
1 0.582837 0.446759 0.005456 0.055556
1 0.585069 0.465774 0.008433 0.052579
1 0.622024 0.442791 0.024306 0.077381
1 0.649554 0.458664 0.008929 0.042989
1 0.661954 0.464286 0.008433 0.042989
1 0.675471 0.461144 0.011161 0.051918
1 0.696553 0.447421 0.011161 0.058201
1 0.711682 0.434193 0.012649 0.064153
1 0.737103 0.431217 0.015377 0.079365
1 0.731895 0.471892 0.009921 0.043651
1 0.748512 0.476687 0.011409 0.049272
1 0.761161 0.475198 0.008433 0.023810
1 0.766989 0.484788 0.015625 0.035714
