1 0.013393 0.491071 0.026290 0.052249
1 0.076141 0.500496 0.034722 0.079034
1 0.119296 0.494709 0.056052 0.107804
1 0.144097 0.498347 0.017361 0.072090
1 0.195809 0.484788 0.034474 0.082011
1 0.224950 0.504795 0.038690 0.084987
1 0.277282 0.503968 0.035714 0.057540
1 0.308036 0.493386 0.025794 0.058862
1 0.277530 0.461640 0.033234 0.109127
1 0.350570 0.472718 0.028522 0.073743
1 0.355035 0.519841 0.020585 0.065476
1 0.378224 0.491237 0.016865 0.058532
1 0.400298 0.490575 0.016865 0.048611
1 0.411086 0.483631 0.023562 0.083003
1 0.419147 0.506944 0.025298 0.050926
1 0.440228 0.451389 0.040675 0.111111
1 0.464038 0.491402 0.017857 0.054894
1 0.485243 0.495370 0.022073 0.064153
1 0.510789 0.453704 0.029018 0.078042
1 0.502604 0.494048 0.013641 0.055556
1 0.535590 0.500661 0.020585 0.070106
1 0.549851 0.495205 0.013393 0.049934
1 0.560764 0.475694 0.024306 0.083664
1 0.602927 0.497189 0.011409 0.060516
1 0.610987 0.492560 0.013145 0.045966
1 0.629836 0.456680 0.026538 0.124339
1 0.652158 0.493221 0.019593 0.073743
1 0.683532 0.456845 0.024306 0.105489
